4294967279,9
4294967279,8
4294967279,7
4294967279,6
4294967279,5
4294967279,4
0,5
4294967293,131
4294967293,130
4294967293,129
4294967293,128
4294967293,127
4294967293,126
4294967293,125
4294967293,124
4294967293,123
4294967293,122
4294967293,121
4294967293,120
4294967293,119
4294967293,118
4294967293,117
4294967293,116
4294967293,115
4294967293,114
4294967293,113
4294967293,112
4294967293,111
4294967293,110
4294967293,109
4294967293,108
4294967293,107
4294967293,106
4294967293,105
4294967293,104
4294967293,103
4294967293,102
4294967293,101
4294967293,100
4294967293,99
4294967293,98
4294967293,97
4294967293,96
4294967293,95
4294967293,94
4294967293,93
4294967293,92
4294967293,91
4294967293,90
4294967293,89
4294967293,87
4294967293,86
4294967293,85
4294967293,84
4294967293,83
4294967293,82
4294967293,81
4294967293,80
4294967293,79
4294967293,78
4294967293,77
4294967293,76
4294967293,75
4294967293,74
4294967293,73
4294967293,72
4294967293,71
4294967293,70
4294967293,69
4294967293,68
4294967293,67
4294967293,66
4294967293,65
4294967293,64
4294967293,63
4294967293,62
4294967293,61
4294967293,60
4294967293,59
4294967293,58
4294967293,57
4294967293,56
4294967293,55
4294967293,54
4294967293,53
4294967293,52
4294967293,51
4294967293,50
4294967293,49
4294967293,48
4294967293,47
4294967293,46
4294967293,45
4294967293,44
4294967293,43
4294967293,42
4294967293,41
4294967293,40
4294967293,39
4294967293,38
4294967293,37
4294967293,36
4294967293,35
4294967293,34
4294967293,33
4294967293,32
4294967293,31
4294967293,30
4294967293,29
4294967293,28
4294967293,27
4294967293,26
4294967293,25
4294967293,24
4294967293,23
4294967293,22
4294967293,21
4294967293,20
4294967293,19
4294967293,18
4294967293,17
4294967293,16
4294967293,15
4294967293,14
4294967293,13
4294967293,12
4294967293,11
4294967293,10
4294967293,9
4294967293,8
4294967293,7
4294967293,6
4294967293,5
4294967293,4
4294967293,3
4294967279,132
4294967279,131
4294967279,130
4294967279,128
4294967279,127
4294967279,126
4294967279,125
4294967279,113
4294967279,112
4294967279,111
4294967279,110
4294967279,109
4294967279,108
4294967279,107
4294967279,106
4294967279,105
4294967279,104
4294967279,103
4294967279,102
4294967279,101
4294967279,100
4294967279,99
4294967279,97
4294967279,96
4294967279,95
4294967279,94
4294967279,93
4294967279,92
4294967279,91
4294967279,89
4294967279,87
4294967279,86
4294967279,85
4294967278,344
4294967278,360
4294967279,475
4294967279,158
4294967278,147
4294967278,144
4294967279,143
4294967278,410
4294967294,911
4294967294,925
4294967279,474
4294967278,136
4294967279,136
4294967279,135
4294967278,271
4294967279,133
254,6
4294967278,133
254,5
254,4
4294967278,272
254,3
254,2
254,1
4294967278,273
4294967278,359
4294967278,284
4294967279,272
4294967279,289
4294967278,265
4294967278,280
4294967278,264
4294967278,263
4294967278,261
4294967278,259
4294967279,284
4294967278,388
4294967278,387
4294967279,418
4294967279,435
4294967279,401
4294967278,409
251,6
4294967279,255
251,5
251,4
4294967279,398
251,3
251,2
251,1
4294967279,417
4294967279,252
4294967278,385
4294967279,251
4294967278,251
4294967279,397
4294967278,247
4294967279,246
4294967278,244
4294967278,240
4294967279,240
4294967279,238
4294967279,236
4294967279,234
4294967279,232
4294967278,230
248,4
4294967279,226
248,3
248,2
248,1
4294967279,224
4294967278,221
4294967278,384
4294967278,366
4294967278,217
4294967279,216
4294967279,280
4294967279,214
247,5
247,4
247,3
247,2
247,1
4294967278,365
4294967279,208
4294967278,204
4294967279,205
4294967278,203
4294967279,204
245,4
245,3
245,2
245,1
4294967278,219
4294967279,203
4294967279,202
4294967279,201
4294967278,383
4294967278,408
4294967279,200
244,6
4294967279,390
244,5
4294967278,194
244,4
244,3
244,2
244,1
4294967294,1421
4294967278,307
4294967294,484
4294967278,348
4294967278,277
243,5
243,4
243,3
243,2
243,1
4294967279,303
4294967279,179
242,4
242,3
242,2
242,1
4294967278,407
4294967279,178
4294967278,173
4294967294,410
4294967294,113
4294967294,169
4294967278,171
240,5
4294967278,167
4294967279,168
240,4
240,3
240,2
240,1
4294967278,380
239,4
239,3
239,2
239,1
4294967279,407
4294967278,376
4294967279,406
4294967278,321
4294967279,257
4294967278,297
4294967279,317
4294967279,314
4294967278,352
4294967279,98
4294967279,90
4294967279,88
4294967278,406
4294967278,146
4294967294,966
4294967294,965
4294967294,176
4294967278,145
4294967279,142
4294967278,141
4294967278,139
4294967278,138
4294967279,279
4294967278,276
4294967279,282
4294967278,267
4294967279,420
4294967278,343
4294967279,264
238,6
238,5
238,4
238,3
238,2
238,1
4294967294,389
4294967279,473
4294967278,335
4294967279,221
4294967279,247
4294967278,245
4294967279,243
4294967278,237
4294967279,239
235,6
235,5
235,4
235,3
235,2
235,1
4294967278,214
4294967279,429
232,4
232,3
232,2
232,1
4294967278,198
231,5
231,4
231,3
231,2
231,1
229,4
229,3
229,2
229,1
4294967278,405
4294967279,188
4294967279,187
228,6
4294967279,184
4294967294,395
4294967294,1419
4294967294,399
4294967294,954
4294967294,168
4294967294,918
4294967294,384
4294967294,457
4294967294,451
4294967294,408
4294967294,402
4294967294,456
4294967279,388
228,5
4294967279,182
228,4
228,3
228,2
228,1
4294967279,448
4294967278,404
4294967278,305
227,5
227,4
227,3
227,2
227,1
4294967279,408
4294967279,166
4294967278,164
226,4
226,3
226,2
226,1
4294967278,377
4294967278,161
4294967278,159
4294967278,299
4294967279,318
224,5
4294967278,154
224,4
224,3
224,2
224,1
4294967278,318
4294967279,153
4294967278,152
4294967278,151
4294967278,150
4294967279,150
4294967278,149
223,4
4294967279,149
223,3
223,2
223,1
4294967279,312
4294967278,148
4294967278,294
4294967279,313
4294967278,315
4294967294,114
4294967279,311
4294967278,403
4294967279,472
4294967279,310
4294967278,333
4294967294,409
4294967294,413
4294967294,178
4294967294,385
4294967294,108
4294967294,449
4294967294,468
4294967279,307
4294967279,471
4294967279,410
4294967279,137
4294967278,137
4294967278,354
4294967278,243
4294967278,260
4294967278,60
4294967278,59
4294967278,57
4294967278,56
4294967278,55
4294967278,54
4294967278,53
4294967278,52
4294967278,51
4294967278,50
4294967278,49
4294967278,48
4294967278,47
4294967278,46
4294967278,45
4294967278,44
4294967278,43
4294967278,42
4294967278,41
4294967278,40
